# oST version 5.0 parameters


[image]

width
640

height
480

[narrow_stereo/left]

camera matrix
459.794760 0.000000 329.003551
0.000000 459.095798 264.973660
0.000000 0.000000 1.000000

distortion
-0.007697 0.016326 0.002777 -0.000456 0.000000

rectification
0.999760 -0.006504 0.020915
0.006436 0.999974 0.003337
-0.020936 -0.003201 0.999776

projection
515.638560 0.000000 316.369057 0.000000
0.000000 515.638560 245.826284 0.000000
0.000000 0.000000 1.000000 0.000000

# oST version 5.0 parameters


[image]

width
640

height
480

[narrow_stereo/right]

camera matrix
451.517423 0.000000 333.431235
0.000000 450.625153 225.215850
0.000000 0.000000 1.000000

distortion
-0.012497 0.043781 -0.000194 0.000676 0.000000

rectification
0.999757 -0.004399 0.021608
0.004470 0.999985 -0.003221
-0.021594 0.003317 0.999761

projection
515.638560 0.000000 316.369057 32.546428
0.000000 515.638560 245.826284 0.000000
0.000000 0.000000 1.000000 0.000000

